   1
   8.4040000e+02
   8.4037184e+02
   8.4035344e+02
   8.4034937e+02
   8.4035803e+02
   8.4035975e+02
   8.4035894e+02
   8.4035832e+02
   8.4035924e+02
   8.4036853e+02
   8.4036855e+02
   8.4037763e+02
   8.4037442e+02
   8.4036275e+02
   8.4036976e+02
   8.4032225e+02
   8.4030329e+02
   8.4026036e+02
   8.4023885e+02
   8.4024650e+02
   8.4020047e+02
   8.4018923e+02
   8.4016250e+02
   8.4014214e+02
   8.4013031e+02
   8.4017470e+02
   8.4020907e+02
   8.4022177e+02
   8.4022070e+02
   8.4021288e+02
   8.4022581e+02
   8.4022514e+02
   8.4021758e+02
   8.4021475e+02
   8.4020685e+02
   8.4021032e+02
   8.4018319e+02
   8.4016562e+02
   8.4015291e+02
   8.4012854e+02
   8.4011561e+02
   8.4011492e+02
   8.4011819e+02
   8.4010225e+02
   8.4006257e+02
   8.4003165e+02
   8.4003112e+02
   8.4004123e+02
   8.4004652e+02
   8.4005139e+02
   8.4005036e+02
   8.4004690e+02
   8.4002903e+02
   8.3998416e+02
   8.3997124e+02
   8.3998027e+02
   8.3997915e+02
   8.4000046e+02
   8.4002577e+02
   8.4001416e+02
   8.4000063e+02
   8.3999030e+02
   8.3995156e+02
   8.3991593e+02
   8.3988316e+02
   8.3985302e+02
   8.3984739e+02
   8.3979975e+02
   8.3982350e+02
   8.3983155e+02
   8.3984156e+02
   8.3983882e+02
   8.3983630e+02
   8.3983398e+02
   8.3980583e+02
   8.3978665e+02
   8.3976123e+02
   8.3975016e+02
   8.3974116e+02
   8.3971459e+02
   8.3967860e+02
   8.3964883e+02
   8.3965260e+02
   8.3961653e+02
   8.3957633e+02
   8.3954594e+02
   8.3951418e+02
   8.3948446e+02
   8.3945643e+02
   8.3944110e+02
   8.3941727e+02
   8.3940083e+02
   8.3939265e+02
   8.3939204e+02
   8.3939782e+02
   8.3939084e+02
   8.3939591e+02
   8.3942006e+02
   8.3945914e+02
   8.3944745e+02
   8.3943943e+02
   8.3943530e+02
   8.3942940e+02
   8.3941076e+02
   8.3937214e+02
   8.3935684e+02
   8.3934487e+02
   8.3931131e+02
   8.3931101e+02
   8.3931073e+02
   8.3930245e+02
   8.3929484e+02
   8.3931771e+02
   8.3931978e+02
   8.3931160e+02
   8.3929523e+02
   8.3928279e+02
   8.3928389e+02
   8.3927847e+02
   8.3926820e+02
   8.3926242e+02
   8.3926178e+02
   8.3924932e+02
   8.3926632e+02
   8.3925556e+02
   8.3927437e+02
   8.3928886e+02
   8.3931053e+02
   8.3932075e+02
   8.3932771e+02
   8.3932275e+02
   8.3932542e+02
   8.3931923e+02
   8.3930557e+02
   8.3929060e+02
   8.3927706e+02
   8.3926485e+02
   8.3923337e+02
   8.3919172e+02
   8.3915667e+02
   8.3912769e+02
   8.3909190e+02
   8.3905510e+02
   8.3903541e+02
   8.3903146e+02
   8.3907630e+02
   8.3911532e+02
   8.3911082e+02
   8.3912016e+02
   8.3908403e+02
   8.3905436e+02
   8.3903456e+02
   8.3901636e+02
   8.3900725e+02
   8.3901386e+02
   8.3903493e+02
   8.3904147e+02
   8.3902909e+02
   8.3900309e+02
   8.3897403e+02
   8.3895431e+02
   8.3894230e+02
   8.3892862e+02
   8.3891342e+02
   8.3889795e+02
   8.3890863e+02
   8.3892241e+02
   8.3892392e+02
   8.3893064e+02
   8.3891760e+02
   8.3895143e+02
   8.3899532e+02
   8.3899547e+02
   8.3892497e+02
   8.3897171e+02
   8.3901125e+02
   8.3898510e+02
   8.3894151e+02
   8.3899599e+02
   8.3898753e+02
   8.3901944e+02
   8.3902870e+02
   8.3903384e+02
   8.3905667e+02
   8.3908482e+02
   8.3910668e+02
   8.3910027e+02
   8.3906202e+02
   8.3901137e+02
   8.3896092e+02
   8.3892928e+02
   8.3888544e+02
   8.3887235e+02
   8.3888941e+02
   8.3888272e+02
   8.3886998e+02
   8.3887364e+02
   8.3891128e+02
   8.3890294e+02
   8.3889533e+02
   8.3887881e+02
   8.3885709e+02
   8.3884723e+02
   8.3884829e+02
   8.3885939e+02
   8.3888087e+02
   8.3891616e+02
   8.3889153e+02
   8.3888774e+02
   8.3885709e+02
   8.3881791e+02
   8.3878994e+02
   8.3875751e+02
   8.3874525e+02
   8.3875026e+02
   8.3875486e+02
   8.3876199e+02
   8.3877188e+02
   8.3877475e+02
   8.3877739e+02
   8.3877578e+02
   8.3877031e+02
   8.3876529e+02
   8.3875805e+02
   8.3874852e+02
   8.3874827e+02
   8.3875049e+02
   8.3874547e+02
   8.3873826e+02
   8.3875754e+02
   8.3875042e+02
   8.3876069e+02
   8.3876339e+02
   8.3875571e+02
   8.3873275e+02
   8.3875023e+02
   8.3877089e+02
   8.3880115e+02
   8.3882977e+02
   8.3884214e+02
   8.3883680e+02
   8.3885782e+02
   8.3886141e+02
   8.3884833e+02
   8.3882936e+02
   8.3882466e+02
   8.3881784e+02
   8.3880688e+02
   8.3879343e+02
   8.3878243e+02
   8.3878446e+02
   8.3878580e+02
   8.3878008e+02
   8.3878653e+02
   8.3879625e+02
   8.3880210e+02
   8.3879706e+02
   8.3881834e+02
   8.3882476e+02
   8.3883874e+02
   8.3884186e+02
   8.3879511e+02
   8.3877191e+02
   8.3873480e+02
   8.3869649e+02
   8.3867455e+02
   8.3863515e+02
   8.3859560e+02
   8.3859828e+02
   8.3861508e+02
   8.3861846e+02
   8.3861533e+02
   8.3862624e+02
   8.3862351e+02
   8.3861422e+02
   8.3860068e+02
   8.3857713e+02
   8.3856330e+02
   8.3854378e+02
   8.3854384e+02
   8.3857163e+02
   8.3858838e+02
   8.3858993e+02
   8.3859990e+02
   8.3860143e+02
   8.3862960e+02
   8.3864581e+02
   8.3865156e+02
   8.3862712e+02
   8.3859379e+02
   8.3858434e+02
   8.3858663e+02
   8.3857522e+02
   8.3858996e+02
   8.3859052e+02
   8.3858419e+02
   8.3857806e+02
   8.3857241e+02
   8.3855289e+02
   8.3852520e+02
   8.3851834e+02
   8.3850954e+02
   8.3850137e+02
   8.3849932e+02
   8.3851399e+02
   8.3852953e+02
   8.3853766e+02
   8.3851150e+02
   8.3846804e+02
   8.3842758e+02
   8.3843624e+02
   8.3840550e+02
   8.3835800e+02
   8.3832312e+02
   8.3832176e+02
   8.3830094e+02
   8.3827742e+02
   8.3825579e+02
   8.3822280e+02
   8.3818915e+02
   8.3816925e+02
   8.3814842e+02
   8.3809753e+02
   8.3807795e+02
   8.3808545e+02
   8.3803714e+02
   8.3801072e+02
   8.3798643e+02
   8.3796408e+02
   8.3794352e+02
   8.3790857e+02
   8.3787643e+02
   8.3784906e+02
   8.3782644e+02
   8.3780821e+02
   8.3780215e+02
   8.3780261e+02
   8.3780303e+02
   8.3779154e+02
   8.3779303e+02
   8.3779064e+02
   8.3778401e+02
   8.3776459e+02
   8.3775455e+02
   8.3773203e+02
   8.3772920e+02
   8.3772505e+02
   8.3771078e+02
   8.3769266e+02
   8.3766223e+02
   8.3764028e+02
   8.3761975e+02
   8.3759842e+02
   8.3757634e+02
   8.3755681e+02
   8.3752077e+02
   8.3750259e+02
   8.3747712e+02
   8.3744751e+02
   8.3743171e+02
   8.3741154e+02
   8.3737303e+02
   8.3734942e+02
   8.3733324e+02
   8.3731862e+02
   8.3730674e+02
   8.3728485e+02
   8.3726264e+02
   8.3724221e+02
   8.3719555e+02
   8.3713237e+02
   8.3705342e+02
   8.3698599e+02
   8.3694891e+02
   8.3691030e+02
   8.3690386e+02
   8.3689129e+02
   8.3685274e+02
   8.3682232e+02
   8.3679131e+02
   8.3677232e+02
   8.3674310e+02
   8.3671690e+02
   8.3670074e+02
   8.3670675e+02
   8.3672810e+02
   8.3673235e+02
   8.3672615e+02
   8.3672636e+02
   8.3673079e+02
   8.3673255e+02
   8.3672232e+02
   8.3670513e+02
   8.3672937e+02
   8.3671116e+02
   8.3668112e+02
   8.3664251e+02
   8.3659628e+02
   8.3653201e+02
   8.3645083e+02
   8.3640390e+02
   8.3636733e+02
   8.3630658e+02
   8.3625730e+02
   8.3623225e+02
   8.3617910e+02
   8.3614380e+02
   8.3612491e+02
   8.3610753e+02
   8.3610487e+02
   8.3608905e+02
   8.3607607e+02
   8.3607525e+02
   8.3602704e+02
   8.3597503e+02
   8.3597122e+02
   8.3597570e+02
   8.3597281e+02
   8.3598247e+02
   8.3600898e+02
   8.3601765e+02
   8.3599351e+02
   8.3597442e+02
   8.3596820e+02
   8.3594735e+02
   8.3593150e+02
   8.3591778e+02
   8.3583887e+02
   8.3578718e+02
   8.3578029e+02
   8.3574243e+02
   8.3570761e+02
   8.3568672e+02
   8.3567241e+02
   8.3563451e+02
   8.3560374e+02
   8.3555261e+02
   8.3550652e+02
   8.3545325e+02
   8.3550166e+02
   8.3545407e+02
   8.3540922e+02
   8.3538034e+02
   8.3535853e+02
   8.3536919e+02
   8.3535733e+02
   8.3531076e+02
   8.3526954e+02
   8.3527614e+02
   8.3527071e+02
   8.3526489e+02
   8.3525413e+02
   8.3524478e+02
   8.3522201e+02
   8.3518691e+02
   8.3514067e+02
   8.3514065e+02
   8.3511685e+02
   8.3511494e+02
   8.3515426e+02
   8.3516253e+02
